function taylor_expansion = pendulum_dyn_poly_n3_d2(in1)
%PENDULUM_DYN_POLY_N3_D2
%    TAYLOR_EXPANSION = PENDULUM_DYN_POLY_N3_D2(IN1)

%    This function was generated by the Symbolic Math Toolbox version 25.2.
%    17-Dec-2025 08:10:53

dtheta1 = in1(4,:);
dtheta2 = in1(5,:);
dtheta3 = in1(6,:);
theta1 = in1(1,:);
theta2 = in1(2,:);
theta3 = in1(3,:);
et1 = dtheta1.*(-4.657952309809683e+1)+dtheta2.*3.01917153095779e+1-dtheta3.*5.935833904135484-theta1.*1.72817053536658e+2+theta2.*2.314540470081506e+1;
et2 = theta3.*(-9.670611349394817e-1);
et3 = dtheta1.*(-4.19123052419077e+1)+dtheta2.*2.741889018727963e+1-dtheta3.*5.957450235611541-theta1.*1.69970860739797e+2;
et4 = theta2.*2.074492445818979e+1-theta3.*1.131593076897462;
et5 = dtheta1.*(-1.700417855347006e+1)+dtheta2.*1.17844510806144e+1-dtheta3.*4.029979587766797-theta1.*7.097339551059584e+1;
et6 = theta2.*8.203546720178156-theta3.*1.143227978917151;
taylor_expansion = [dtheta1;dtheta2;dtheta3;et1+et2;et3+et4;et5+et6];
end
