function taylor_expansion = pendulum_dyn_poly_n4_d2(in1)
%PENDULUM_DYN_POLY_N4_D2
%    TAYLOR_EXPANSION = PENDULUM_DYN_POLY_N4_D2(IN1)

%    This function was generated by the Symbolic Math Toolbox version 25.2.
%    17-Dec-2025 08:10:54

dtheta1 = in1(5,:);
dtheta2 = in1(6,:);
dtheta3 = in1(7,:);
dtheta4 = in1(8,:);
theta1 = in1(1,:);
theta2 = in1(2,:);
theta3 = in1(3,:);
theta4 = in1(4,:);
et1 = dtheta1.*(-9.45077260495221e+1)+dtheta2.*6.990287706693059e+1-dtheta3.*8.891156698228219+dtheta4.*2.139465195199274-theta1.*4.338140727667056e+2;
et2 = theta2.*7.221121123225515e+1+theta3.*4.166249536493444+theta4.*6.161995989672343e-1;
et3 = dtheta1.*(-8.996275906648074e+1)+dtheta2.*6.739032974941991e+1-dtheta3.*9.708825114080736+dtheta4.*2.258412246298162;
et4 = theta1.*(-4.348088675670423e+2)+theta2.*6.8991645015503e+1+theta3.*2.665784013962683+theta4.*5.967802390594911e-1;
et5 = dtheta1.*(-6.455198587966207e+1)+dtheta2.*5.152623289918931e+1-dtheta3.*1.138743999277053e+1+dtheta4.*1.835121972950955;
et6 = theta1.*(-3.172546335480795e+2)+theta2.*5.051250479790476e+1-theta3.*3.048757981366459+theta4.*2.044322109849662e-1;
et7 = dtheta1.*(-2.329500549685829e+1)+dtheta2.*1.918085110330317e+1-dtheta3.*4.359742249282909-dtheta4.*8.18201614540192e-1;
et8 = theta1.*(-1.148162179670825e+2)+theta2.*1.857075456076273e+1-theta3.*2.282164821691073-theta4.*6.163388955789173e-1;
taylor_expansion = [dtheta1;dtheta2;dtheta3;dtheta4;et1+et2;et3+et4;et5+et6;et7+et8];
end
