function taylor_expansion = pendulum_dyn_poly_n5_d2(in1)
%PENDULUM_DYN_POLY_N5_D2
%    TAYLOR_EXPANSION = PENDULUM_DYN_POLY_N5_D2(IN1)

%    This function was generated by the Symbolic Math Toolbox version 25.2.
%    17-Dec-2025 08:10:57

dtheta1 = in1(6,:);
dtheta2 = in1(7,:);
dtheta3 = in1(8,:);
dtheta4 = in1(9,:);
dtheta5 = in1(10,:);
theta1 = in1(1,:);
theta2 = in1(2,:);
theta3 = in1(3,:);
theta4 = in1(4,:);
theta5 = in1(5,:);
et1 = dtheta1.*(-1.601243502150936e+2)+dtheta2.*1.26225071833491e+2-dtheta3.*1.369697911649321e+1+dtheta4.*4.138848943742593-dtheta5.*1.309336214054684;
et2 = theta1.*(-8.517397067013951e+2)+theta2.*1.552357524770354e+2+theta3.*1.707700874070555e+1+theta4.*4.433747703568671-theta5.*1.983899223193276e-1;
et3 = dtheta1.*(-1.555206153494645e+2)+dtheta2.*1.239263921049082e+2-dtheta3.*1.494487266470077e+1+dtheta4.*4.083301380074114;
et4 = dtheta5.*(-1.271797223987667)-theta1.*8.561037357924291e+2+theta2.*1.515454063002592e+2+theta3.*1.413925956539126e+1+theta4.*3.825463789241447;
et5 = theta5.*(-2.050203312544344e-1);
et6 = dtheta1.*(-1.294073511414764e+2)+dtheta2.*1.08389643391317e+2-dtheta3.*1.816297154515289e+1+dtheta4.*2.388690237614223;
et7 = dtheta5.*(-8.328049438094495e-1)-theta1.*7.203784003815947e+2+theta2.*1.293824782783152e+2+theta3.*2.193952154223663;
et8 = theta4.*(-7.423030226578515e-2)-theta5.*2.098890375233891e-1;
et9 = dtheta1.*(-8.486715946768869e+1)+dtheta2.*7.274261701173767e+1-dtheta3.*1.101551252145069e+1-dtheta4.*2.910178297080766;
et10 = dtheta5.*(-3.024140670803851e-1)-theta1.*4.738777460052118e+2+theta2.*8.664066988397296e+1-theta3.*1.096332442105558;
et11 = theta4.*(-5.892515726586877)-theta5.*3.786403179028044e-1;
et12 = dtheta1.*(-2.950726240237598e+1)+dtheta2.*2.543948206902102e+1-dtheta3.*3.450861187066138-dtheta4.*1.337983953484119;
et13 = dtheta5.*(-1.576916937445805)-theta1.*1.650297746999703e+2+theta2.*3.034445651706461e+1-theta3.*4.357886543839337e-1;
et14 = theta4.*(-3.412996088150802)-theta5.*8.265903443944916e-1;
taylor_expansion = [dtheta1;dtheta2;dtheta3;dtheta4;dtheta5;et1+et2;et3+et4+et5;et6+et7+et8;et9+et10+et11;et12+et13+et14];
end
